6.847809 1.216094
4.828833 3.156816
4.034658 1.782253
1.330667 -0.451028
-1.733149 -0.407579
-0.897316 1.419248
2.927123 1.590987
6.410198 -1.603970
6.767128 -5.662707
4.205815 -6.782638
1.651590 -4.380638
0.669085 -1.487109
0.771935 -0.740095
-1.105478 -1.287323
-2.883567 -0.463620
-4.141937 2.221488
-1.018313 4.144213
4.094533 2.889353
6.077999 -0.541224
5.933486 -2.790893
5.309414 -2.072833
5.655735 0.039855
7.331186 1.039029
7.222882 0.761379
4.304370 1.265005
2.299021 3.654795
2.575642 6.179432
4.962359 6.155957
8.114873 3.243507
7.630557 -0.120777
6.342294 -1.599786
6.429605 -1.432369
7.065379 -1.495638
7.155866 -2.443683
5.075372 -2.786853
2.115835 -1.062163
1.334241 1.860451
1.192604 3.435017
2.768132 2.275645
2.440404 -0.397916
0.200442 -2.420001
0.339056 -3.195715
2.024793 -3.895949
3.061569 -5.312325
3.108456 -6.377513
1.573700 -5.360331
1.186391 -2.166476
3.208589 1.272116
4.418303 3.045836
4.673382 3.173977
3.545022 3.069275
2.474156 3.445014
3.154042 3.454046
3.826973 2.092924
2.979952 -0.102852
2.953822 -1.380681
1.867233 -0.740672
2.437340 0.952571
3.475408 2.082872
5.298951 2.139374
4.810116 1.985016
4.906640 2.356126
4.894687 2.687040
5.249087 1.826236
5.420462 -0.328907
4.638873 -2.452204
2.647182 -3.189653
2.159045 -2.579776
3.392026 -1.760249
3.576325 -1.454022
3.484595 -1.223338
3.092660 -0.367261
2.401181 0.840989
3.469908 1.276955
4.045628 0.316373
2.468344 -1.334158
0.914172 -2.395712
-0.016508 -2.396724
0.235362 -1.966263
1.231763 -1.786779
1.379329 -1.653981
1.065034 -0.857128
2.270040 0.690838
4.169407 2.115750
4.652760 2.513521
4.961811 1.966222
4.285152 1.364743
2.753867 1.305001
2.296863 1.474750
1.752894 1.249044
1.658277 0.634036
1.483913 0.298939
1.627578 0.678386
2.508683 1.347235
4.389036 1.493786
4.900882 0.882410
5.488166 0.084054
5.028822 -0.278226
3.677155 -0.268262
3.253590 -0.435222
2.216909 -0.998074
1.270734 -1.516621
0.278620 -1.470823
0.504004 -0.969092
2.365593 -0.651748
3.244662 -0.913812
4.467538 -1.441918
4.769449 -1.632092
3.736102 -1.322038
3.294789 -0.907493
3.188187 -0.748533
1.754701 -0.685156
0.368402 -0.296177
0.283003 0.464438
0.769823 1.111628
2.046317 1.174572
2.696187 0.753173
3.805854 0.390665
3.999174 0.446222
4.112689 0.761649
4.215791 0.993517
3.399596 1.114334
2.038578 1.404958
0.552057 1.967399
0.021513 2.431854
0.053939 2.278577
1.666908 1.395156
1.895840 0.188550
1.963164 -0.859552
2.972566 -1.620710
3.528302 -2.230325
3.744766 -2.679148
3.895054 -2.683347
2.665415 -2.029745
2.613522 -0.942600
2.597811 0.027284
2.511450 0.485447
2.807046 0.480876
2.548133 0.294890
2.976717 0.056181
2.509166 -0.316730
2.792215 -0.817695
2.848684 -1.153334
2.250944 -0.959209
1.633373 -0.191756
0.926413 0.788251
1.173375 1.545951
1.517915 1.919203
1.182915 1.998814
0.717871 1.845730
0.212989 1.364868
0.998284 0.506684
1.218191 -0.495635
1.185623 -1.209668
1.359292 -1.353376
1.194494 -1.011721
1.762732 -0.484613
2.526176 0.020136
2.445929 0.477489
3.250265 0.863748
2.668697 1.006378
2.880726 0.707007
2.461208 -0.003981
2.297543 -0.816230
1.833949 -1.380203
2.039399 -1.567869
1.917365 -1.469468
2.667185 -1.181522
2.774937 -0.686308
2.900790 0.030585
2.553271 0.811130
3.205921 1.363425
2.339191 1.493285
2.229471 1.258575
1.695731 0.868988
0.150856 0.467572
-0.236443 0.058842
0.189032 -0.361588
0.329041 -0.684257
-0.072965 -0.754939
0.526540 -0.553762
1.545616 -0.248204
1.832674 -0.040415
2.720926 0.012163
2.308731 -0.002886
2.521688 -0.006717
2.281729 -0.027134
1.894165 -0.123244
1.964823 -0.255928
1.180296 -0.291917
1.690917 -0.147751
1.954018 0.107639
2.583125 0.322737
2.914132 0.418784
3.367638 0.441884
3.057360 0.462440
2.172355 0.465753
2.482767 0.376782
1.860801 0.178181
1.241812 -0.041185
0.994618 -0.175187
0.487975 -0.213622
0.755942 -0.236214
2.042038 -0.299187
1.793654 -0.361641
2.321332 -0.342140
2.248614 -0.226670
2.519213 -0.088138
1.942922 0.002253
1.617151 0.051998
1.321989 0.114112
0.375217 0.193020
-0.013842 0.217702
0.648827 0.120608
1.027211 -0.076695
1.329862 -0.277518
1.554951 -0.402563
1.766140 -0.445165
2.661099 -0.430377
1.847551 -0.346851
1.801982 -0.151470
2.092646 0.155539
0.805098 0.485272
1.601303 0.711188
1.649059 0.763503
2.108444 0.662898
1.929578 0.468554
1.815012 0.218424
1.790146 -0.064472
2.233621 -0.324390
1.371952 -0.467863
1.904444 -0.428404
1.688045 -0.231730
0.876710 0.016718
0.873627 0.210475
1.437207 0.301966
0.264743 0.291368
1.025804 0.183264
1.159355 -0.019203
1.185475 -0.276802
1.366314 -0.496253
1.051893 -0.576034
1.668528 -0.478623
1.322201 -0.253989
1.111570 0.006476
0.500262 0.229702
1.058182 0.374676
1.123986 0.408144
1.030608 0.297892
1.211247 0.046896
1.404343 -0.273853
1.190154 -0.545758
1.529120 -0.668160
1.879823 -0.607952
1.502449 -0.392661
1.591705 -0.071791
2.079073 0.301610
1.621203 0.658130
1.588903 0.907010
0.960833 0.970128
1.491944 0.831483
1.299282 0.550424
0.943459 0.222736
1.011660 -0.071057
0.768502 -0.284447
0.460689 -0.391265
0.156201 -0.377175
1.088881 -0.256102
0.483528 -0.086706
0.720517 0.045559
0.938160 0.075835
1.548374 -0.005759
0.711834 -0.162441
0.796446 -0.344926
0.702731 -0.512233
0.845021 -0.626542
1.699170 -0.646813
1.158155 -0.544895
1.047271 -0.332270
1.461466 -0.064258
1.801590 0.189175
1.308530 0.379301
1.686565 0.488990
1.372988 0.517570
1.515310 0.468092
0.944262 0.354391
1.349768 0.213188
0.784367 0.096235
0.644988 0.042424
0.997388 0.056602
0.825035 0.115629
1.546523 0.191270
1.333759 0.263163
1.289094 0.312610
1.278159 0.314634
0.392144 0.246684
0.961238 0.107809
0.521267 -0.074787
0.286165 -0.261588
0.902493 -0.422707
0.522347 -0.543960
0.419631 -0.616210
0.491690 -0.627068
1.210523 -0.568001
1.443644 -0.447317
1.615205 -0.290525
1.897248 -0.125467
1.396226 0.031185
1.156599 0.171828
1.304524 0.286373
0.978622 0.358938
0.242065 0.378782
0.400155 0.352216
0.984890 0.300360
0.574575 0.244839
1.012238 0.197308
0.118231 0.161978
0.942904 0.143040
0.543706 0.143871
0.568096 0.158038
1.967302 0.165287
0.272768 0.141325
0.795059 0.073743
0.413503 -0.031036
0.519262 -0.154368
0.541669 -0.275485
0.173829 -0.374370
1.482158 -0.429472
1.342592 -0.420528
1.093912 -0.339664
1.478514 -0.201090
1.689116 -0.038304
0.797840 0.109984
0.840483 0.213329
1.170446 0.253958
1.122340 0.225620
0.384037 0.134999
1.077043 0.005957
0.935545 -0.121834
0.691366 -0.205351
0.814845 -0.215616
0.943349 -0.147903
1.147913 -0.019613
1.054899 0.138333
1.060348 0.288573
0.703217 0.392378
0.732466 0.417796
0.194642 0.351630
0.709586 0.207669
0.774226 0.023100
1.268553 -0.155853
1.200060 -0.289402
0.467132 -0.352667
0.729014 -0.337568
0.876068 -0.253159
0.880541 -0.125506
0.664542 0.007160
1.303850 0.106493
0.497545 0.148199
0.287998 0.129452
1.044430 0.065877
1.615615 -0.017251
0.914836 -0.092717
0.514681 -0.136289
-0.060601 -0.131751
0.742774 -0.077110
0.607624 0.012183
0.702741 0.107778
0.708615 0.179568
1.109517 0.206572
0.545402 0.181762
0.460235 0.111174
0.094915 0.011378
0.822197 -0.092990
0.365943 -0.173806
0.113454 -0.207756
0.672477 -0.185136
1.012007 -0.113398
0.429716 -0.013111
0.763102 0.090152
0.772716 0.172689
0.531339 0.216517
0.693051 0.212081
0.608217 0.161041
0.061066 0.077050
-0.170310 -0.018185
-0.239630 -0.102642
-0.019993 -0.160905
0.476242 -0.186478
0.862872 -0.180122
-0.030420 -0.147597
1.149395 -0.098584
0.739598 -0.045369
0.904720 0.000401
1.143507 0.031732
1.278322 0.047984
0.662325 0.052932
0.288592 0.051363
1.095460 0.047285
0.397463 0.044212
0.143409 0.045433
1.035474 0.052679
0.248005 0.064401
0.397485 0.075975
0.334593 0.082159
0.733344 0.079594
0.672320 0.067306
0.633965 0.045653
0.668101 0.015791
0.005973 -0.019508
0.230860 -0.055134
0.215144 -0.084712
0.291345 -0.103060
0.300698 -0.107952
0.950617 -0.099933
0.811969 -0.081149
1.026582 -0.054938
0.347733 -0.026324
0.519902 -0.001893
0.630450 0.012049
0.621215 0.012093
0.551295 -0.000824
0.579973 -0.021964
0.824549 -0.044278
1.238224 -0.059639
0.531872 -0.059931
0.690012 -0.038964
0.102675 0.004763
0.847799 0.066077
0.867899 0.133638
0.586660 0.192952
0.793333 0.230227
0.545355 0.235457
0.224904 0.204437
0.167808 0.140063
0.065782 0.052624
0.496067 -0.041880
0.270989 -0.125702
0.431997 -0.184251
0.321121 -0.209738
-0.013985 -0.202323
0.158926 -0.169104
1.132905 -0.121967
0.497540 -0.074763
0.371587 -0.039808
0.422168 -0.024260
0.561493 -0.027798
-0.069497 -0.042939
0.444172 -0.057919
0.387999 -0.060707
0.049603 -0.042601
0.650547 -0.000699
0.446224 0.060838
0.393518 0.131000
0.664746 0.194168
0.616964 0.234315
0.405776 0.239870
0.899155 0.207295
0.079620 0.142112
0.018577 0.057409
0.617540 -0.029317
0.172417 -0.100225
0.441967 -0.141456
0.395101 -0.146861
0.723546 -0.119787
0.871809 -0.071981
0.027526 -0.019898
-0.135492 0.020131
0.088455 0.036192
0.407826 0.023553
0.854142 -0.014366
0.629555 -0.066886
0.455743 -0.118832
-0.062767 -0.154701
0.410197 -0.163015
0.927506 -0.139347
0.630762 -0.087116
0.816750 -0.016278
0.367936 0.059295
0.143355 0.125033
0.475805 0.168936
0.958281 0.184330
0.211437 0.171288
0.000551 0.136136
0.265002 0.089223
0.067510 0.041863
0.193112 0.003533
0.293434 -0.020054
0.231099 -0.027861
0.496353 -0.023343
0.498028 -0.013150
0.411091 -0.004884
-0.077638 -0.004618
0.728928 -0.015105
0.181075 -0.035231
0.737308 -0.060654
0.093410 -0.085136
0.323669 -0.102119
0.820696 -0.106337
1.311369 -0.095183
-0.362591 -0.069469
0.841970 -0.033236
0.124487 0.007312
0.387866 0.045280
0.648669 0.074439
-0.021544 0.090256
0.428407 0.090631
0.389768 0.076322
0.731509 0.050879
0.253475 0.019932
0.626522 -0.010030
0.152035 -0.032997
0.355870 -0.044565
0.173939 -0.042715
0.393845 -0.028227
0.691507 -0.004644
0.145257 0.022380
0.507782 0.046359
-0.112930 0.061527
0.171707 0.064183
0.964509 0.053456
-0.022988 0.031407
0.167052 0.002554
0.080361 -0.027098
0.072738 -0.051416
0.587350 -0.065623
0.673536 -0.067462
0.689450 -0.057667
0.702937 -0.039612
0.661390 -0.018343
0.802310 0.000698
0.169877 0.013001
-0.183679 0.016124
-0.222559 0.010357
0.407956 -0.001338
0.241264 -0.014205
0.380632 -0.023120
0.358827 -0.024116
-0.094162 -0.015539
0.128793 0.001442
0.651268 0.023052
0.397343 0.043847
0.234079 0.058186
0.071695 0.061887
0.307309 0.053537
0.212428 0.034983
0.743960 0.010866
-0.249756 -0.012657
-0.343285 -0.029580
0.217984 -0.035675
-0.324002 -0.029681
0.251855 -0.013731
1.142322 0.007156
0.327586 0.026427
-0.200841 0.037813
0.001508 0.037056
0.346968 0.023060
0.458000 -0.001806
0.095181 -0.032258
0.104638 -0.061373
0.502014 -0.082293
-0.228599 -0.089935
0.537580 -0.082262
0.060372 -0.060737
0.631784 -0.029854
0.711989 0.004075
0.267507 0.034508
0.347544 0.056236
-0.102644 0.066552
-0.074953 0.065736
0.302890 0.056719
0.273184 0.044028
0.149237 0.032313
0.547832 0.024944
-0.236615 0.023090
0.039111 0.025510
0.421746 0.029069
-0.079884 0.029811
0.368367 0.024286
0.388595 0.010749
0.335993 -0.010130
0.308668 -0.035279
0.363039 -0.059961
-0.265345 -0.078992
0.607877 -0.088080
-0.395795 -0.084918
-0.367731 -0.069787
1.121683 -0.045509
0.493364 -0.016785
0.435751 0.010935
0.635864 0.032740
0.625402 0.045362
0.870346 0.047829
0.662802 0.041530
0.253594 0.029729
0.151030 0.016675
0.882985 0.006514
0.326533 0.002259
0.038080 0.005073
0.470275 0.014042
0.331737 0.026478
0.092989 0.038651
0.409284 0.046730
-0.334680 0.047722
0.714198 0.040178
-0.297214 0.024540
0.271419 0.003027
0.188333 -0.020873
-0.206703 -0.043197
0.842691 -0.060350
-0.330182 -0.069810
0.407185 -0.070559
0.352562 -0.063172
0.229505 -0.049583
0.202865 -0.032592
0.193509 -0.015223
0.322410 -0.000081
-0.413294 0.011147
-0.254962 0.017945
0.339261 0.020945
-0.442020 0.021646
-0.139918 0.021935
0.059698 0.023517
0.166985 0.027382
-0.095781 0.033444
0.553353 0.040481
0.219764 0.046386
0.281704 0.048707
0.631264 0.045321
0.225208 0.035094
0.416310 0.018343
0.230896 -0.003033
0.000726 -0.025821
-0.166045 -0.046138
0.230524 -0.060282
-0.308196 -0.065605
-0.146360 -0.061164
0.554178 -0.047987
0.592303 -0.028894
0.770561 -0.007884
0.883330 0.010760
0.439855 0.023455
-0.167233 0.028128
-0.047998 0.024680
0.347983 0.014954
0.452875 0.002243
0.507601 -0.009547
-0.036125 -0.016879
0.706776 -0.017474
0.251434 -0.010875
0.759867 0.001440
0.093972 0.016457
-0.319133 0.030405
0.531592 0.039730
0.011009 0.042004
-0.016625 0.036528
0.036483 0.024492
-0.603094 0.008637
-0.347806 -0.007474
0.280921 -0.020383
-0.256949 -0.027615
0.592776 -0.028260
0.559911 -0.023125
-0.120871 -0.014422
0.365443 -0.005103
-0.026502 0.001979
-0.110508 0.004839
0.119022 0.002872
-0.061410 -0.003039
0.522643 -0.010812
-0.194253 -0.017790
-0.446674 -0.021498
0.062128 -0.020328
0.900567 -0.013995
0.717934 -0.003619
0.331323 0.008552
0.460271 0.019723
0.035803 0.027268
-0.066758 0.029410
-0.325140 0.025666
0.644509 0.016974
-0.196921 0.005449
0.409765 -0.006146
0.187914 -0.015088
0.094747 -0.019351
0.002504 -0.018085
0.308728 -0.011785
0.022345 -0.002126
0.171302 0.008486
0.414965 0.017520
-0.070260 0.022921
0.703919 0.023558
0.681836 0.019427
0.033661 0.011561
0.576512 0.001714
0.328252 -0.008111
0.203398 -0.016134
0.102674 -0.021174
-0.247645 -0.022840
0.004835 -0.021501
-0.183744 -0.018094
0.395962 -0.013799
-0.182893 -0.009711
0.349994 -0.006559
0.056449 -0.004560
-0.286288 -0.003426
0.404530 -0.002507
0.261107 -0.001034
0.221019 0.001616
-0.101249 0.005697
0.124010 0.010976
-0.034843 0.016744
-0.568987 0.021959
0.042081 0.025496
0.045528 0.026416
-0.049279 0.024220
0.325819 0.018992
-0.047899 0.011411
-0.118576 0.002627
-0.556713 -0.005978
0.381791 -0.013083
0.292208 -0.017711
0.205967 -0.019423
-0.063525 -0.018399
0.141540 -0.015367
-0.009008 -0.011418
-0.477665 -0.007731
-0.030090 -0.005293
0.305563 -0.004656
-0.088787 -0.005809
-0.334794 -0.008177
0.241687 -0.010764
0.417300 -0.012406
0.347672 -0.012067
0.055845 -0.009122
-0.346291 -0.003546
0.160404 0.004038
0.684699 0.012471
0.223772 0.020300
0.808065 0.026114
0.592877 0.028864
0.106558 0.028108
0.439120 0.024103
0.280005 0.017728
0.003589 0.010247
0.408661 0.002989
0.152844 -0.002979
0.502768 -0.007093
0.185099 -0.009389
0.008670 -0.010417
-0.004171 -0.011025
0.201287 -0.012046
-0.079750 -0.014004
-0.058529 -0.016911
0.028019 -0.020215
-0.278052 -0.022924
0.589396 -0.023872
-0.170630 -0.022056
0.106862 -0.016963
0.531816 -0.008779
0.084123 0.001565
0.011790 0.012541
0.570527 0.022335
0.449964 0.029246
-0.010633 0.032081
0.056197 0.030436
0.753551 0.024803
-0.350400 0.016456
0.215578 0.007156
0.554796 -0.001258
-0.072187 -0.007301
0.220615 -0.010163
0.467194 -0.009870
0.013397 -0.007223
0.053066 -0.003549
0.410159 -0.000329
-0.312003 0.001200
-0.080569 0.000365
-0.210036 -0.002781
0.112082 -0.007493
-0.183983 -0.012545
0.252248 -0.016559
0.283520 -0.018367
0.397518 -0.017306
0.721441 -0.013383
0.021072 -0.007265
-0.483304 -0.000104
0.488673 0.006744
-0.284267 0.012053
0.535109 0.015001
-0.021926 0.015350
-0.085190 0.013459
-0.162662 0.010163
0.344478 0.006527
-0.217890 0.003559
-0.390992 0.001948
-0.007512 0.001899
0.130543 0.003096
0.349814 0.004814
-0.179173 0.006132
0.074580 0.006199
0.442082 0.004483
0.274622 0.000932
0.480627 -0.003987
0.016174 -0.009385
0.390303 -0.014159
-0.069506 -0.017248
0.024675 -0.017896
0.180806 -0.015829
0.285435 -0.011332
0.220911 -0.005190
0.383234 0.001475
0.061116 0.007449
-0.222775 0.011681
-0.231274 0.013500
0.193436 0.012745
0.129313 0.009779
0.169267 0.005397
-0.582535 0.000634
-0.108369 -0.003463
0.292649 -0.006066
1.053177 -0.006731
0.124465 -0.005475
0.051076 -0.002749
0.091054 0.000693
0.543363 0.003981
0.186661 0.006345
0.367746 0.007280
0.131779 0.006659
-0.230424 0.004733
0.448528 0.002046
-0.546163 -0.000715
0.577429 -0.002908
0.064836 -0.004090
0.021312 -0.004128
-0.383480 -0.003208
0.092334 -0.001776
0.003150 -0.000403
-0.127409 0.000380
-0.263236 0.000229
0.100570 -0.000911
-0.764641 -0.002787
0.598642 -0.004895
0.041741 -0.006615
0.075212 -0.007369
0.338257 -0.006782
0.119787 -0.004791
0.041890 -0.001674
0.203062 0.002002
-0.360159 0.005516
-0.097843 0.008161
0.824015 0.009424
0.094644 0.009105
-0.315437 0.007370
-0.193084 0.004704
-0.382517 0.001788
0.041105 -0.000676
-0.114693 -0.002141
0.033871 -0.002352
0.368208 -0.001400
0.185759 0.000309
-0.060337 0.002166
-0.308580 0.003525
0.189073 0.003868
0.339884 0.002943
0.091413 0.000820
-0.090143 -0.002123
0.717659 -0.005300
0.021510 -0.008063
0.023021 -0.009856
-0.181469 -0.010342
-0.079951 -0.009467
0.045503 -0.007459
-0.141068 -0.004749
-0.184165 -0.001849
-0.068253 0.000774
0.388214 0.002812
-0.035758 0.004166
0.401266 0.004945
0.209955 0.005396
0.510473 0.005801
0.017034 0.006368
-0.112709 0.007150
0.223302 0.008011
-0.057852 0.008659
0.063826 0.008727
0.368801 0.007887
0.088964 0.005958
0.506289 0.002985
-0.583812 -0.000744
-0.147924 -0.004735
-0.158681 -0.008395
-0.538308 -0.011149
0.579992 -0.012574
0.011643 -0.012484
0.036058 -0.010973
-0.528948 -0.008383
-0.772822 -0.005227
-0.547019 -0.002068
0.286906 0.000602
0.077505 0.002464
0.001884 0.003425
-0.024421 0.003615
0.246862 0.003333
0.587967 0.002951
0.360575 0.002807
0.653356 0.003114
-0.121269 0.003902
0.470955 0.005014
-0.185571 0.006147
0.169409 0.006938
-0.137832 0.007061
0.105816 0.006316
-0.507920 0.004688
-0.517596 0.002356
-0.411038 -0.000345
0.422792 -0.002999
-0.404579 -0.005202
0.299786 -0.006656
0.031018 -0.007228
0.419577 -0.006971
0.118631 -0.006098
0.390947 -0.004920
-0.191553 -0.003756
0.229121 -0.002856
0.189898 -0.002332
0.458302 -0.002140
0.213926 -0.002095
0.061445 -0.001931
0.449501 -0.001382
0.065252 -0.000266
0.205429 0.001448
-0.123731 0.003609
0.317496 0.005904
0.377849 0.007914
0.312984 0.009211
-0.123388 0.009455
0.343679 0.008480
-0.043223 0.006349
0.509371 0.003354
0.117401 -0.000040
0.014731 -0.003284
0.112792 -0.005858
-0.275395 -0.007381
0.049931 -0.007687
0.578569 -0.006855
-0.140093 -0.005180
0.344515 -0.003099
-0.054219 -0.001091
-0.065615 0.000438
0.193244 0.001239
-0.077660 0.001270
-0.131979 0.000687
0.316037 -0.000205
0.087006 -0.001044
-0.266231 -0.001501
-0.497890 -0.001375
0.319808 -0.000635
-0.062095 0.000568
0.339824 0.001949
0.355846 0.003163
-0.128711 0.003900
-0.093483 0.003964
-0.022413 0.003327
-0.221468 0.002137
-0.149181 0.000679
-0.322064 -0.000698
0.089498 -0.001673
0.074517 -0.002037
0.405347 -0.001742
-0.067710 -0.000918
0.262589 0.000165
-0.017057 0.001172
-0.125596 0.001784
0.213870 0.001790
-0.080266 0.001137
0.344118 -0.000051
0.013535 -0.001504
0.431321 -0.002875
-0.040649 -0.003824
-0.163232 -0.004104
-0.198068 -0.003620
0.359579 -0.002458
0.925128 -0.000857
0.396188 0.000840
-0.132550 0.002277
0.341761 0.003158
0.475945 0.003326
-0.082879 0.002785
0.005097 0.001704
0.632967 0.000366
-0.212038 -0.000897
-0.383807 -0.001788
-0.318393 -0.002107
-0.401566 -0.001799
-0.148902 -0.000954
0.177249 0.000215
-0.579279 0.001435
0.452867 0.002432
-0.649268 0.003001
0.432938 0.003042
0.345802 0.002577
-0.280744 0.001733
-0.057347 0.000701
-0.284009 -0.000313
-0.187937 -0.001141
0.243214 -0.001686
-0.090584 -0.001940
0.080255 -0.001967
0.069617 -0.001880
-0.000729 -0.001796
0.458597 -0.001800
-0.138351 -0.001916
-0.437365 -0.002100
0.191406 -0.002249
-0.112541 -0.002236
-0.361160 -0.001944
-0.280534 -0.001305
0.034993 -0.000327
-0.036540 0.000899
0.340343 0.002208
0.157346 0.003399
-0.131407 0.004274
0.818836 0.004679
